<?xml version="1.0"?>
<opencv_storage>
<road2utm type_id="opencv-matrix">
  <rows>2</rows>
  <cols>3</cols>
  <dt>d</dt>
  <data>
    7.9118168012630885e-01 -5.9305414981023152e-01
    3.5358059615384630e+05 5.9305414981023152e-01 7.9118168012630885e-01
    5.2602000584514169e+06</data></road2utm>
<rmse>1.2077142035930560e-01</rmse>
</opencv_storage>
